1 100 -100 100 315
-1.57	0.5708
-1.56	0.57085
-1.55	0.57101
-1.54	0.57127
-1.53	0.57163
-1.52	0.57209
-1.51	0.57264
-1.5	0.5733
-1.49	0.57406
-1.48	0.57492
-1.47	0.57587
-1.46	0.57693
-1.45	0.57808
-1.44	0.57934
-1.43	0.58069
-1.42	0.58214
-1.41	0.5837
-1.4	0.58535
-1.39	0.5871
-1.38	0.58894
-1.37	0.59089
-1.36	0.59293
-1.35	0.59507
-1.34	0.59731
-1.33	0.59965
-1.32	0.60208
-1.31	0.60461
-1.3	0.60724
-1.29	0.60996
-1.28	0.61278
-1.27	0.6157
-1.26	0.61871
-1.25	0.62181
-1.24	0.62501
-1.23	0.62831
-1.22	0.6317
-1.21	0.63518
-1.2	0.63876
-1.19	0.64243
-1.18	0.64619
-1.17	0.65005
-1.16	0.65399
-1.15	0.65803
-1.14	0.66216
-1.13	0.66638
-1.12	0.6707
-1.11	0.6751
-1.1	0.67959
-1.09	0.68417
-1.08	0.68884
-1.07	0.6936
-1.06	0.69844
-1.05	0.70337
-1.04	0.70839
-1.03	0.7135
-1.02	0.71869
-1.01	0.72396
-1.0	0.72933
-0.99	0.73477
-0.98	0.7403
-0.97	0.74591
-0.96	0.7516
-0.95	0.75738
-0.94	0.76324
-0.93	0.76918
-0.92	0.77519
-0.91	0.78129
-0.9	0.78747
-0.89	0.79372
-0.88	0.80006
-0.87	0.80647
-0.86	0.81295
-0.85	0.81952
-0.84	0.82615
-0.83	0.83286
-0.82	0.83965
-0.81	0.84651
-0.8	0.85344
-0.79	0.86044
-0.78	0.86752
-0.77	0.87466
-0.76	0.88187
-0.75	0.88916
-0.74	0.89651
-0.73	0.90393
-0.72	0.91141
-0.71	0.91896
-0.7	0.92658
-0.69	0.93426
-0.68	0.942
-0.67	0.94981
-0.66	0.95768
-0.65	0.96561
-0.64	0.9736
-0.63	0.98165
-0.62	0.98976
-0.61	0.99793
-0.6	1.00615
-0.59	1.01444
-0.58	1.02277
-0.57	1.03116
-0.56	1.03961
-0.55	1.04811
-0.54	1.05666
-0.53	1.06526
-0.52	1.07392
-0.51	1.08262
-0.5	1.09137
-0.49	1.10017
-0.48	1.10902
-0.47	1.11791
-0.46	1.12685
-0.45	1.13583
-0.44	1.14486
-0.43	1.15393
-0.42	1.16304
-0.41	1.17219
-0.4	1.18138
-0.39	1.19061
-0.38	1.19988
-0.37	1.20918
-0.36	1.21852
-0.35	1.2279
-0.34	1.23731
-0.33	1.24675
-0.32	1.25623
-0.31	1.26574
-0.3	1.27528
-0.29	1.28484
-0.28	1.29444
-0.27	1.30406
-0.26	1.31372
-0.25	1.32339
-0.24	1.33309
-0.23	1.34282
-0.22	1.35257
-0.21	1.36234
-0.2	1.37213
-0.19	1.38194
-0.18	1.39177
-0.17	1.40161
-0.16	1.41148
-0.15	1.42136
-0.14	1.43125
-0.13	1.44116
-0.12	1.45108
-0.11	1.46102
-0.1	1.47096
-0.09	1.48092
-0.08	1.49088
-0.07	1.50085
-0.06	1.51083
-0.05	1.52082
-0.04	1.53081
-0.03	1.5408
-0.02	1.5508
-0.01	1.5608
0.0	1.5708
0.01	1.5808
0.02	1.59079
0.03	1.60079
0.04	1.61079
0.05	1.62078
0.06	1.63076
0.07	1.64074
0.08	1.65071
0.09	1.66067
0.1	1.67063
0.11	1.68057
0.12	1.69051
0.13	1.70043
0.14	1.71034
0.15	1.72023
0.16	1.73011
0.17	1.73998
0.18	1.74983
0.19	1.75966
0.2	1.76947
0.21	1.77926
0.22	1.78903
0.23	1.79877
0.24	1.8085
0.25	1.8182
0.26	1.82788
0.27	1.83753
0.28	1.84715
0.29	1.85675
0.3	1.86632
0.31	1.87585
0.32	1.88536
0.33	1.89484
0.34	1.90428
0.35	1.91369
0.36	1.92307
0.37	1.93241
0.38	1.94172
0.39	1.95098
0.4	1.96021
0.41	1.96941
0.42	1.97856
0.43	1.98767
0.44	1.99674
0.45	2.00576
0.46	2.01474
0.47	2.02368
0.48	2.03258
0.49	2.04142
0.5	2.05022
0.51	2.05897
0.52	2.06768
0.53	2.07633
0.54	2.08493
0.55	2.09348
0.56	2.10198
0.57	2.11043
0.58	2.11882
0.59	2.12716
0.6	2.13544
0.61	2.14366
0.62	2.15183
0.63	2.15994
0.64	2.16799
0.65	2.17598
0.66	2.18391
0.67	2.19178
0.68	2.19959
0.69	2.20733
0.7	2.21501
0.71	2.22263
0.72	2.23018
0.73	2.23767
0.74	2.24508
0.75	2.25244
0.76	2.25972
0.77	2.26693
0.78	2.27408
0.79	2.28115
0.8	2.28815
0.81	2.29508
0.82	2.30194
0.83	2.30873
0.84	2.31544
0.85	2.32208
0.86	2.32864
0.87	2.33513
0.88	2.34154
0.89	2.34787
0.9	2.35412
0.91	2.3603
0.92	2.3664
0.93	2.37242
0.94	2.37835
0.95	2.38421
0.96	2.38999
0.97	2.39568
0.98	2.40129
0.99	2.40682
1.0	2.41227
1.01	2.41763
1.02	2.4229
1.03	2.4281
1.04	2.4332
1.05	2.43822
1.06	2.44315
1.07	2.448
1.08	2.45275
1.09	2.45742
1.1	2.462
1.11	2.4665
1.12	2.4709
1.13	2.47521
1.14	2.47943
1.15	2.48356
1.16	2.4876
1.17	2.49155
1.18	2.4954
1.19	2.49917
1.2	2.50284
1.21	2.50641
1.22	2.5099
1.23	2.51329
1.24	2.51658
1.25	2.51978
1.26	2.52289
1.27	2.5259
1.28	2.52881
1.29	2.53163
1.3	2.53435
1.31	2.53698
1.32	2.53951
1.33	2.54194
1.34	2.54428
1.35	2.54652
1.36	2.54866
1.37	2.5507
1.38	2.55265
1.39	2.5545
1.4	2.55625
1.41	2.5579
1.42	2.55945
1.43	2.5609
1.44	2.56225
1.45	2.56351
1.46	2.56466
1.47	2.56572
1.48	2.56668
1.49	2.56753
1.5	2.56829
1.51	2.56895
1.52	2.56951
1.53	2.56996
1.54	2.57032
1.55	2.57058
1.56	2.57074
1.57	2.5708
